
[Miscellany]
royalty_rate=0.000000
advertise_fund=0.000000
daily_cert_fee=0.000000

[Electronic Transactions]
debit_cost=0.000000
credit_rate=0.000000
credit_cost=0.000000
line_item_cost=0.000000
